Scanning the segment averaging tree for slopes for AT respin2 (part_avgd evMons and segment averaged dit slopes)

processed_respin2_data/All_dit_outputs_doing_segment_averaging_of_slopes.root  tree = dit_segmentwise_eigen_part_avg_run_avg_segment_averaged

dit_segmentwise_eigen_part_avg_run_avg_segment_averaged->Scan("segment:usl_evMon0_mean:usl_evMon1_mean:usl_evMon2_mean:usl_evMon3_mean:usl_evMon4_mean:usr_evMon0_mean:usr_evMon1_mean:usr_evMon2_mean:usr_evMon3_mean:usr_evMon4_mean","segment>=25 && segment<=32")

25 , -42.76492 , 36.886423 , -11.58314 , -52.42081 , -102.0041 , -49.70117 , -50.88077 , -7.792734 , -99.94621 , -265.0083 
26 , -60.58655 , 29.296609 , -17.85484 , -86.49576 , -179.2906 , -68.15244 , -55.10319 , -13.57052 , -133.7604 , -338.0227 
27 , -40.08584 , 37.306410 , -11.63285 , -45.54599 , -90.43571 , -47.76588 , -50.59148 , -6.679794 , -99.10573 , -258.7644 
28 , -37.47338 , 17.971914 , -23.68772 , -68.26778 , -97.21287 , -42.40967 , -28.71126 , -27.87079 , -103.0904 , -175.9089 
29 , -45.41961 , 24.081865 , -16.00529 , -31.03659 , -148.0468 , -51.46865 , -34.74211 , -16.78039 , -57.91279 , -270.7100 
30 , -42.19521 , 36.458129 , -11.56618 , -49.67914 , -99.49268 , -48.65263 , -51.23261 , -8.277202 , -97.55985 , -259.5484 
31 , -34.69127 , 17.209092 , -8.993238 , -44.78815 , -97.33657 , -37.65157 , -32.28336 , -6.754545 , -72.14278 , -185.7445 
32 , -67.42562 , 22.347016 , -17.77219 , -96.03865 , -207.7249 , -75.43472 , -62.90464 , -14.38907 , -143.3500 , -365.5683 


evMon Diffs
root [9] mini_eigen_reg_5bpms_part_avg_monitors_det_weighted->Scan("dit_segment:diff_evMon0_mean/1e-6:diff_evMon1_mean/1e-6:diff_evMon2_mean/1e-6:diff_evMon3_mean/1e-6:diff_evMon4_mean/1e-6","dit_segment>=25 && dit_segment<=32")
25 , -88.25940 , 45.388054 , 10.422254 , 4.3308144 , -2.963988
26 , 154.86858 , -45.02495 , -48.93938 , -0.329259 , -0.233705
27 , -109.4579 , -37.30429 , 6.2732906 , 0.9676101 , 0.3531204
28 , -6.896565 , 34.340605 , -4.971404 , -1.129001 , -3.697768
29 , -77.01617 , 17.268371 , -14.10005 , 1.5852109 , 1.1122428
30 , -21.32905 , 9.3635030 , 7.6410566 , 0.2601379 , 0.3931051
31 , -21.26151 , 30.847071 , 4.5555801 , 2.0389455 , -5.325685
32 , -57.13518 , 14.496493 , -11.52473 , -0.044462 , 0.6071512

