1  , 5408, 5438
2  , 5130, 5454
3  , 5455, 5580
4  , 5581, 5612
5  , 5613, 5635
6  , 5636, 5644
7  , 5645, 5748
8  , 5749, 5768
9  , 5770, 5785
10 , 5786, 5912
11 , 5913, 5923
12 , 5924, 5938
13 , 5939, 6030
14 , 6031, 6084
15 , 6085, 6101
16 , 6102, 6105
17 , 6106, 6115
18 , 6116, 6158
19 , 6159, 6175
20 , 6176, 6233
21 , 6234, 6247
22 , 6248, 6283
23 , 6284, 6327
24 , 6328, 6423
33 , 6424, 6513
34 , 6514, 6562
35 , 6563, 6570
36 , 6571, 6607
37 , 6608, 6626
38 , 6627, 6643
39 , 6644, 6661
40 , 6662, 6683
41 , 6684, 6752
42 , 6753, 6882
43 , 6883, 6908
44 , 6909, 6993
45 , 6994, 7039
46 , 7040, 7057
47 , 7058, 7085
48 , 7086, 7105
49 , 7106, 7138
50 , 7139, 7164
51 , 7165, 7206
52 , 7207, 7225
53 , 7226, 7234
54 , 7235, 7248
55 , 7249, 7281
56 , 7282, 7330
57 , 7331, 7367
58 , 7368, 7390
59 , 7391, 7412
60 , 7413, 7499
61 , 7500, 7656
62 , 7657, 7701
63 , 7702, 7733
64 , 7734, 7758
65 , 7759, 7778
66 , 7779, 7798
67 , 7799, 7834
68 , 7835, 7859
69 , 7860, 7869
70 , 7870, 7886
71 , 7887, 7902
72 , 7903, 7916
73 , 7917, 7964
74 , 7965, 7976
75 , 7977, 8011
76 , 8012, 8081
77 , 8082, 8122
78 , 8123, 8141
79 , 8142, 8165
80 , 8166, 8185
81 , 8186, 8211
82 , 8212, 8237
83 , 8238, 8256
84 , 8257, 8294
85 , 8295, 8319
86 , 8320, 8343
87 , 8344, 8367
88 , 8368, 8389
89 , 8390, 8420
90 , 8421, 8465
91 , 8466, 8485
92 , 8486, 8525
93 , 8526, 8545
94 , 8546, 8558
