1  , 5408, 5438
2  , 5439, 5454
3  , 5455, 5489
4  , 5581, 5583
5  , 5613, 5620
6  , 5636, 5644
7  , 5645, 5656
8  , 5749, 5757
9  , 5770, 5778
10 , 5786, 5819
11 , 5913, 5923
12 , 5924, 5929
13 , 5939, 5972
14 , 6031, 6036
15 , 6085, 6099
16 , 6102, 6105
17 , 6106, 6110
18 , 6116, 6136
19 , 6159, 6168
20 , 6176, 6218
21 , 6234, 6241
22 , 6248, 6259
23 , 6284, 6323
24 , 6328, 6334
33 , 6424, 6464
34 , 6514, 6545
35 , 6563, 6567
36 , 6571, 6600
37 , 6608, 6625
38 , 6627, 6639
39 , 6644, 6650
40 , 6662, 6673
41 , 6684, 6730
42 , 6753, 6868
43 , 6883, 6896
44 , 6909, 6992
45 , 6994, 7026
46 , 7040, 7048
47 , 7058, 7083
48 , 7086, 7100
49 , 7106, 7131
50 , 7139, 7163
51 , 7165, 7196
52 , 7207, 7216
53 , 7226, 7232
54 , 7235, 7248
55 , 7249, 7268
56 , 7282, 7328
57 , 7331, 7365
58 , 7368, 7379
59 , 7391, 7409
60 , 7413, 7430
61 , 7626, 7635
62 , 7657, 7701
63 , 7702, 7720
64 , 7734, 7743
65 , 7759, 7778
66 , 7779, 7797
67 , 7799, 7817
68 , 7835, 7849
69 , 7860, 7867
70 , 7870, 7877
71 , 7887, 7902
72 , 7903, 7916
73 , 7917, 7964
74 , 7965, 7976
75 , 7977, 8004
76 , 8012, 8048
77 , 8085, 8121
78 , 8123, 8138
79 , 8142, 8162
80 , 8166, 8183
81 , 8186, 8206
82 , 8212, 8224
83 , 8238, 8246
84 , 8257, 8284
85 , 8295, 8313
86 , 8320, 8342
87 , 8344, 8366
88 , 8368, 8380
89 , 8390, 8416
90 , 8421, 8427
91 , 8466, 8470
92 , 8486, 8506
93 , 8526, 8536
94 , 8546, 8558
