1  , 5408, 5438
2  , 5439, 5452
3  , 5453, 5489
4  , 5581, 5583
5  , 5613, 5620
6  , 5636, 5644
7  , 5645, 5656
8  , 5749, 5757
9  , 5770, 5774
10 , 5775, 5778
11 , 5786, 5819
12 , 5913, 5923
13 , 5924, 5929
14 , 5939, 5972
15 , 6031, 6036
16 , 6085, 6099
17 , 6102, 6105
18 , 6106, 6110
19 , 6116, 6136
20 , 6159, 6177
21 , 6178, 6218
22 , 6234, 6241
23 , 6248, 6259
24 , 6284, 6323
25 , 6328, 6334
34 , 6424, 6464
35 , 6514, 6520
35 , 6514, 6545
36 , 6563, 6567
37 , 6571, 6600
38 , 6608, 6625
39 , 6627, 6639
40 , 6644, 6650
41 , 6662, 6673
42 , 6684, 6730
43 , 6753, 6868
44 , 6883, 6896
45 , 6909, 6992
46 , 6994, 7026
47 , 7040, 7048
48 , 7058, 7083
49 , 7086, 7100
50 , 7106, 7131
51 , 7139, 7163
52 , 7165, 7196
53 , 7207, 7216
54 , 7226, 7232
55 , 7235, 7248
56 , 7249, 7268
57 , 7282, 7328
58 , 7331, 7365
59 , 7368, 7379
60 , 7391, 7409
61 , 7413, 7430
62 , 7626, 7635
63 , 7657, 7701
64 , 7702, 7720
65 , 7734, 7743
66 , 7759, 7778
67 , 7779, 7797
68 , 7799, 7817
69 , 7835, 7849
70 , 7860, 7867
71 , 7870, 7877
72 , 7887, 7902
73 , 7903, 7916
74 , 7917, 7963
75 , 7964, 7976
76 , 7977, 8004
77 , 8012, 8048
78 , 8085, 8121
79 , 8123, 8138
80 , 8142, 8162
81 , 8166, 8183
82 , 8186, 8206
83 , 8212, 8224
84 , 8238, 8246
85 , 8257, 8284
86 , 8295, 8313
87 , 8320, 8342
88 , 8344, 8366
89 , 8368, 8380
90 , 8390, 8416
91 , 8421, 8427
92 , 8466, 8470
93 , 8486, 8506
94 , 8526, 8536
95 , 8546, 8558
