100, 2
101, 1
102, 2
103, 1
104, 2
105, 1
106, 2
107, 2
108, 1
109, 2
110, 1
111, 2
112, 1
113, 2
114, 1
115, 1
116, 2
117, 2
118, 1
119, 2
120, 1
121, 2
122, 1
123, 1
124, 2
125, 2
126, 1
127, 2
128, 1
129, 2
130, 1
131, 2
132, 1
133, 2
134, 1
135, 2
136, 1
137, 2
138, 4
139, 3
140, 4
141, 3
142, 4
143, 4
144, 3
145, 4
146, 3
147, 4
148, 3
149, 4
150, 3
151, 4
152, 3
153, 4
154, 3
155, 4
156, 3
157, 4
158, 3
159, 4
160, 3
161, 4
162, 3
163, 4
164, 3
165, 4
166, 3
167, 4
168, 3
169, 4
170, 3
171, 4
172, 3
173, 4
174, 3
175, 4
176, 3
177, 4
178, 3
179, 4
180, 3
181, 4
182, 3
183, 4
184, 3
185, 4
186, 6
187, 5
188, 6
189, 5
190, 6
191, 6
192, 5
193, 6
194, 6
195, 5
196, 6
197, 5
198, 6
199, 5
200, 6
201, 5
202, 6
203, 5
204, 6
205, 5
206, 6
207, 5
208, 5
209, 6
210, 6
211, 5
212, 5
213, 6
214, 5
215, 5
216, 6
217, 6
218, 5
219, 6
220, 5
221, 5
222, 6
223, 6
