100, 2
101, 1
102, 2
103, 1
104, 2
105, 1
106, 2
107, 2
108, 1
109, 2
110, 1
111, 2
112, 1
113, 2
114, 1
115, 1
116, 2
117, 2
118, 1
119, 2
120, 1
121, 2
122, 1
123, 1
124, 2
125, 2
126, 1
127, 2
128, 1
129, 2
130, 1
131, 2
132, 1
133, 2
134, 1
135, 2
136, 1
137, 2
138, 4
139, 3
140, 4
141, 3
142, 4
143, 4
144, 3
145, 4
146, 3
147, 4
148, 3
149, 4
150, 3
151, 4
152, 3
153, 4
154, 3
155, 4
156, 3
157, 4
158, 3
159, 4
160, 3
161, 4
162, 3
163, 4
164, 3
165, 4
166, 3
167, 4
168, 3
169, 4
170, 3
171, 4
172, 3
173, 4
174, 3
175, 4
176, 3
177, 4
178, 3
179, 4
180, 3
181, 4
182, 3
183, 4
184, 3
185, 4
186, 2
187, 1
188, 2
189, 1
190, 2
191, 2
192, 1
193, 2
194, 2
195, 1
196, 2
197, 1
198, 2
199, 1
200, 2
201, 1
202, 2
203, 1
204, 2
205, 1
206, 2
207, 1
208, 1
209, 2
210, 2
211, 1
212, 1
213, 2
214, 1
215, 1
216, 2
217, 2
218, 1
219, 2
220, 1
221, 1
222, 2
223, 2
