0.00290884
0.00581769
0.00872653
0.0116354
0.0174531
0.0232708
0.0261796
0.0319973
0.0349061
0.037815
0.0407238
0.0436327
0.0494503
0.0523592
0.055268
0.0669034
0.0843565
27.4391
59.9716
59.9804
59.9833
59.9862
59.992
59.9949
59.9978
60.0007
60.0036
60.0065
60.0095
60.0153
60.0182
60.0211
60.024
60.0269
60.0327
60.0473
104.602
104.605
105.481
105.483
105.492
105.501
105.504
105.507
105.51
105.515
105.518
105.521
105.524
108.151
108.157
108.27
108.273
108.276
108.288
108.293
119.993
119.996
120.013
131.712
131.73
131.733
134.482
134.485
134.49
134.496
134.499
134.502
134.505
134.514
134.522
134.525
143.822
155.193
155.204
155.248
155.268
155.294
155.309
155.326
157.677
157.68
157.683
157.697
157.703
157.712
167.643
167.651
167.657
167.663
179.961
179.964
179.967
179.97
179.976
179.979
179.982
179.985
179.988
179.991
179.996
179.999
180.002
180.005
180.008
180.011
180.014
180.02
180.023
180.025
180.028
180.034
180.04
180.06
212.555
212.558
212.561
212.564
212.567
212.57
212.573
239.971
239.977
239.985
239.988
240.003
240.012
254.166
254.186
254.192
254.227
254.239
254.271
254.282
254.335
267.439
267.442
267.448
267.451
299.94
299.945
299.954
299.966
299.969
299.972
299.98
299.983
299.986
299.989
299.992
299.995
299.998
300.001
300.004
300.009
300.018
300.021
300.024
300.027
300.03
300.044
300.047
300.053
300.062
300.076
300.079
300.085
359.978
406.77
406.854
406.857
406.976
406.979
406.988
406.991
406.994
407.005
407.037
407.311
407.314
407.334
407.346
407.424
407.427
407.465
407.558
407.561
407.564
407.599
408.224
408.277
408.28
408.282
408.326
408.329
408.355
408.358
408.53
408.62
408.623
408.774
408.777
408.78
408.789
408.791
408.794
408.818
408.922
408.946
408.949
408.951
408.96
408.963
408.992
408.995
408.998
409.001
409.01
409.013
409.033
409.036
409.039
409.042
409.045
409.126
409.138
409.141
409.143
409.146
409.149
409.152
409.237
409.239
409.242
409.271
409.274
409.306
409.507
409.51
409.527
409.53
409.533
409.542
409.545
409.594
409.725
409.737
409.74
409.746
409.749
409.804
409.876
409.891
409.894
409.903
409.917
409.92
409.929
410.01
410.063
410.13
410.191
410.199
410.202
410.24
410.243
410.246
410.249
410.255
410.258
410.298
410.301
410.452
410.496
410.499
410.519
410.522
410.534
410.546
410.548
410.551
410.554
410.557
410.58
410.583
410.586
410.598
410.612
410.621
410.624
410.644
410.647
410.65
410.671
410.674
410.676
410.7
410.714
410.738
410.74
410.752
410.764
410.767
410.77
410.781
410.784
410.799
410.802
410.804
410.807
410.895
410.947
411.005
411.008
411.02
411.066
411.069
411.072
411.075
411.078
411.092
411.095
411.098
411.101
411.127
411.13
411.133
411.136
411.151
411.153
411.156
411.159
411.162
411.206
411.209
411.212
411.215
411.217
411.22
411.343
411.345
411.36
411.398
411.401
411.404
411.409
411.572
411.575
411.578
411.599
411.692
411.695
411.697
411.825
411.828
411.831
411.872
412.078
412.081
412.954
419.912
419.918
419.929
419.935
419.941
419.944
419.947
419.95
419.953
419.956
419.959
419.961
419.964
419.967
419.97
419.973
419.976
419.979
419.982
419.985
419.988
419.991
419.993
419.999
420.002
420.005
420.008
420.014
420.02
420.023
420.025
420.028
420.031
420.034
420.037
420.04
420.043
420.049
420.055
420.078
420.081
420.084
420.092
431.3
431.309
452.555
452.558
452.564
452.567
