0.00685793
0.0137159
0.0205738
0.0274317
0.0342896
0.0411476
0.0480055
0.0617213
0.0685793
0.089153
0.096011
0.102869
0.109727
0.123443
0.130301
0.137159
0.150874
0.157732
0.16459
0.171448
0.185164
0.19888
0.205738
0.212596
0.219454
0.226312
0.23317
0.240027
0.260601
0.301749
0.342896
0.349754
0.384044
0.411476
0.445765
0.452623
0.480055
0.603498
0.747514
4.53309
10.0057
20.0114
27.466
30.0103
30.3395
50.0149
59.9657
59.9863
60
60.0069
60.0137
60.0206
60.0274
60.0343
60.048
60.0617
60.0754
84.0165
84.0233
84.0302
84.0439
84.0507
84.0576
84.0645
84.6268
84.6474
84.6542
84.6748
84.6817
84.6885
84.7023
84.7091
84.716
84.7297
84.7365
84.7434
84.7503
84.764
84.7708
84.7983
87.9049
89.7771
89.7977
89.8045
89.8251
89.832
89.8388
89.8457
89.8526
89.8594
89.8663
89.8731
89.88
89.8868
89.8937
89.9006
89.9074
89.9143
89.9211
89.9348
89.9486
89.9623
89.9691
90.0103
104.741
104.769
104.775
104.782
104.796
104.803
104.81
104.817
104.823
104.83
105.379
105.413
105.454
105.461
105.468
105.475
105.489
105.495
105.502
105.509
105.516
105.523
105.53
105.537
105.543
105.55
105.557
105.578
105.591
105.626
105.989
105.996
106.003
106.01
106.024
106.03
106.044
106.051
106.058
106.065
107.018
107.025
107.039
107.045
107.059
107.107
107.114
107.128
107.141
107.148
107.155
107.162
107.169
107.196
107.868
107.875
107.882
107.889
107.896
107.916
107.923
107.93
107.937
107.944
107.951
107.971
108.143
108.15
108.156
108.17
108.177
108.184
108.191
108.204
108.225
108.232
108.252
108.259
108.266
108.273
108.28
108.287
108.294
108.3
108.307
108.314
108.321
108.335
108.342
108.348
108.355
109.206
109.226
109.274
130.788
131.658
131.665
131.672
131.693
131.7
131.706
131.713
131.72
131.727
131.734
131.741
131.754
131.761
131.789
131.823
131.83
131.837
131.857
131.864
132.043
132.091
132.097
132.118
132.125
132.132
132.139
132.145
132.817
132.852
132.859
132.865
132.872
132.886
132.9
132.907
132.968
132.989
132.996
133.97
133.983
133.99
134.004
134.011
134.422
134.436
134.463
134.47
134.477
134.484
134.491
134.498
134.505
134.511
134.518
134.525
134.553
134.559
135.19
135.197
135.204
135.211
135.218
135.231
135.238
135.245
135.273
144.03
144.078
144.085
144.112
144.119
144.133
144.147
144.154
150.003
150.065
150.079
150.093
150.099
150.106
150.113
150.12
150.127
150.134
150.141
150.147
150.154
150.161
150.168
150.175
150.182
150.216
155.099
155.126
155.147
155.174
155.181
155.188
155.195
155.209
155.215
155.222
155.229
155.236
155.243
155.25
155.257
155.263
155.27
155.277
155.284
155.291
155.298
155.305
155.311
155.318
155.325
155.332
155.339
155.346
155.353
155.359
155.366
155.38
155.387
155.401
155.407
155.421
155.435
155.449
155.455
155.462
155.497
155.949
155.956
155.963
155.984
157.719
157.725
157.746
157.76
159.481
159.495
159.536
168.06
168.067
168.074
168.081
177.764
179.664
179.671
179.698
179.705
179.712
179.719
179.726
179.733
179.739
179.746
179.808
179.938
179.952
179.966
179.979
179.986
179.993
180
180.014
180.021
180.027
180.034
180.048
180.055
180.062
180.075
180.082
180.096
194.649
194.655
194.662
195.362
195.369
195.375
195.382
195.389
195.396
195.403
195.89
197.028
198.016
198.105
198.132
198.139
198.146
198.174
210.312
211.032
212.548
213.803
225.969
225.982
225.996
226.003
226.997
227.004
227.58
227.587
231.037
233.506
233.519
240.062
240.069
240.075
245.116
245.123
245.143
245.15
245.157
245.164
245.171
254.847
254.882
254.895
255.067
267.466
299.801
299.808
299.842
299.856
299.883
299.89
300
300.007
300.014
300.021
300.027
300.034
300.041
300.055
300.062
300.069
300.075
300.082
300.089
300.096
300.103
300.117
300.123
300.151
329.832
329.839
329.846
329.859
329.866
329.873
329.887
329.894
329.921
344.782
344.817
345.495
345.502
345.523
345.53
345.537
345.543
346.01
346.03
348.273
348.28
348.287
348.307
371.706
371.727
371.734
371.741
374.47
374.477
374.484
374.491
374.498
374.511
375.197
375.211
375.231
390.093
390.12
390.127
390.141
390.147
390.154
390.168
390.175
395.963
419.822
419.829
419.842
419.849
419.87
419.877
419.883
419.918
419.979
419.986
419.993
420.069
420.075
420.082
420.089
420.096
420.103
420.11
420.117
420.123
420.144
420.151
420.165
452.548
473.197
