0.00685793
0.0137159
0.0205738
0.0274317
0.0342896
0.0411476
0.0754372
59.9657
59.9863
60
60.0137
60.0206
60.0274
60.0343
60.0754
84.0507
84.0576
84.0645
84.6268
84.6474
84.6542
84.6748
84.6817
84.6885
84.7091
84.716
84.7297
84.7365
84.7434
84.7503
84.764
84.7708
84.7983
89.832
89.8388
89.8457
89.8526
89.8594
89.8663
89.8731
89.88
89.8868
89.8937
89.9006
89.9074
89.9143
89.9211
89.9348
89.9486
89.9691
95.8807
104.741
104.769
104.775
104.782
104.796
104.803
104.81
104.817
104.823
104.83
105.454
105.461
105.468
105.475
105.489
105.495
105.502
105.509
105.516
105.523
105.53
105.537
105.543
105.55
105.557
105.578
105.591
106.003
106.01
106.024
106.03
106.044
106.051
107.018
107.025
107.039
107.045
107.059
107.107
107.114
107.128
107.141
107.148
107.155
107.162
107.196
107.868
107.875
107.882
107.889
107.896
107.916
107.923
107.93
107.951
107.971
108.143
108.15
108.156
108.17
108.177
108.184
108.225
108.252
108.259
108.266
108.273
108.28
108.287
108.294
108.3
108.307
108.314
108.321
108.342
108.348
108.355
109.226
130.788
131.658
131.665
131.672
131.693
131.7
131.706
131.713
131.72
131.727
131.734
131.741
131.754
131.761
131.789
131.83
131.837
131.844
131.857
131.864
132.043
132.091
132.097
132.118
132.125
132.132
132.139
132.145
132.817
132.852
132.859
132.865
132.872
132.886
132.9
132.907
132.968
132.989
132.996
133.97
133.983
133.99
134.004
134.011
134.422
134.436
134.463
134.47
134.477
134.484
134.491
134.498
134.505
134.511
134.518
134.525
134.553
134.559
135.19
135.197
135.204
135.211
135.218
135.231
135.238
135.245
135.273
144.078
144.085
144.112
144.119
144.133
144.154
150.051
150.065
150.079
150.093
150.099
150.106
150.113
150.12
150.127
150.134
150.141
150.147
150.154
150.161
150.168
150.175
150.182
150.216
155.099
155.126
155.174
155.181
155.188
155.195
155.209
155.215
155.222
155.229
155.236
155.243
155.25
155.257
155.263
155.27
155.277
155.284
155.291
155.298
155.305
155.311
155.318
155.325
155.332
155.339
155.346
155.353
155.359
155.366
155.38
155.387
155.401
155.407
155.421
155.435
155.449
155.462
155.483
155.949
155.956
155.963
155.984
155.99
157.725
157.76
159.481
159.495
168.06
168.067
168.074
179.664
179.671
179.698
179.705
179.712
179.719
179.726
179.733
179.739
179.746
179.808
179.938
179.952
179.966
179.979
179.986
179.993
180
180.007
180.014
180.021
180.027
180.034
180.048
180.055
180.062
180.075
180.082
180.096
194.649
194.655
194.662
195.362
195.369
195.375
195.382
195.389
195.396
195.403
198.016
198.105
198.132
198.139
198.146
198.174
211.032
212.548
213.803
225.969
225.982
225.996
226.003
226.997
227.58
227.587
233.506
240.007
240.069
240.075
245.116
245.123
245.143
245.15
245.157
245.164
245.171
254.847
254.882
255.067
267.466
299.842
299.883
300
300.007
300.014
300.021
300.027
300.034
300.041
300.055
300.062
300.069
300.075
300.082
300.089
300.096
300.103
300.117
300.123
300.151
329.832
329.839
329.846
329.859
329.866
329.873
329.887
329.894
329.921
344.782
344.817
345.495
345.502
345.516
345.53
345.537
345.543
346.01
346.03
348.273
348.28
348.287
348.307
371.706
371.727
371.734
371.741
373.983
374.004
374.011
374.045
374.079
374.47
374.477
374.484
374.511
374.518
375.197
375.211
385.834
385.854
385.916
386.554
386.568
386.574
386.588
386.609
386.622
386.629
386.643
386.657
386.677
387.096
387.116
387.144
387.178
387.192
387.205
387.226
387.233
387.253
387.26
387.267
387.281
387.295
387.322
387.336
387.363
387.391
387.404
387.425
387.432
387.452
387.535
387.541
387.562
387.569
387.672
387.692
387.713
387.72
387.727
387.733
387.74
387.747
387.754
387.761
387.781
387.809
387.816
387.823
387.843
387.857
387.871
387.877
387.884
387.905
387.919
387.939
387.946
387.973
387.98
387.987
388.042
388.049
388.083
388.09
388.166
388.172
388.193
388.207
388.214
388.227
388.234
388.248
388.255
388.289
388.303
388.31
388.316
388.323
388.33
388.351
388.378
388.392
388.419
388.426
388.433
388.447
388.454
388.46
388.467
388.474
388.604
388.611
388.652
388.666
388.673
388.7
388.728
388.735
388.748
388.755
388.769
388.776
388.783
388.79
388.796
388.803
388.844
388.872
388.879
388.886
388.892
388.899
388.906
388.927
388.94
388.947
388.975
388.995
389.023
389.036
389.078
389.084
389.098
389.119
389.132
389.139
389.167
389.187
389.194
389.215
389.345
389.366
389.647
389.654
389.681
389.688
389.702
389.709
389.722
389.729
389.866
389.894
389.914
389.935
390.051
390.065
390.093
390.113
390.12
390.127
390.134
390.141
390.147
390.154
390.161
390.168
390.175
390.223
390.264
390.271
390.278
390.291
390.298
395.963
419.822
419.829
419.842
419.849
419.87
419.877
419.883
419.918
419.979
419.986
419.993
420.069
420.075
420.082
420.089
420.096
420.103
420.11
420.117
420.123
420.144
420.151
420.165
452.548
473.197
